Date;Infections;Deces;InfectionsEnPlus;DecesEnPlus
2020-01-24;2;0;2;0
2020-01-25;3;0;1;0
2020-01-26;3;0;0;0
2020-01-27;3;0;0;0
2020-01-28;4;0;1;0
2020-01-29;5;0;1;0
2020-01-30;5;0;0;0
2020-01-31;5;0;0;0
2020-02-01;6;0;1;0
2020-02-02;6;0;0;0
2020-02-03;6;0;0;0
2020-02-04;6;0;0;0
2020-02-05;6;0;0;0
2020-02-06;6;0;0;0
2020-02-07;6;0;0;0
2020-02-08;11;0;5;0
2020-02-09;11;0;0;0
2020-02-10;11;0;0;0
2020-02-11;11;0;0;0
2020-02-12;11;0;0;0
2020-02-13;11;0;0;0
2020-02-14;11;0;0;0
2020-02-15;12;1;1;1
2020-02-16;12;1;0;0
2020-02-17;12;1;0;0
2020-02-18;12;1;0;0
2020-02-19;12;1;0;0
2020-02-20;12;1;0;0
2020-02-21;12;1;0;0
2020-02-22;12;1;0;0
2020-02-23;12;1;0;0
2020-02-24;12;1;0;0
2020-02-25;14;1;2;0
2020-02-26;18;2;4;1
2020-02-27;38;2;20;0
2020-02-28;57;2;19;0
2020-02-29;100;2;43;0
2020-03-01;130;2;30;0
2020-03-02;191;3;61;1
2020-03-03;204;4;13;1
2020-03-04;285;4;81;0
2020-03-05;423;7;138;3
2020-03-06;613;9;190;2
2020-03-07;949;16;336;7
2020-03-08;1126;19;177;3
2020-03-09;1412;30;286;11
2020-03-10;1784;33;372;3
2020-03-11;2281;48;497;15
2020-03-12;2876;61;595;13
2020-03-13;3661;79;785;18
2020-03-14;4499;91;838;12
2020-03-15;5423;127;924;36
2020-03-16;6633;148;1210;21
2020-03-17;7730;175;1097;27
2020-03-18;9134;244;1404;69
2020-03-19;10995;372;1861;128
2020-03-20;12612;450;1617;78
2020-03-21;14459;562;1847;112
2020-03-22;16689;674;2230;112
2020-03-23;19856;860;3167;186
2020-03-24;22302;1100;2446;240
2020-03-25;25233;1331;2931;231
2020-03-26;29155;1696;2922;365
2020-03-27;32964;1995;3809;299
2020-03-28;37575;2314;4611;319
2020-03-29;40174;2606;2599;292
2020-03-30;44550;3024;4376;418
2020-03-31;52128;3523;7578;499
2020-04-01;56989;4032;4861;509
2020-04-02;59105;4503;2116;471
2020-04-03;64338;5091;5233;588
2020-04-04;68605;5532;4267;441
2020-04-05;70478;5889;1873;357
2020-04-06;74390;6494;3912;605
2020-04-07;78167;7091;3777;597
2020-04-08;82048;7632;3881;541
2020-04-09;86334;8044;4286;412
2020-04-10;90676;8598;4342;554
2020-04-11;93790;8943;3114;345
2020-04-12;95403;9253;1613;310
2020-04-13;98076;9588;2673;335
2020-04-14;103573;10129;5497;541
2020-04-15;106206;10643;2633;514
2020-04-16;108847;11053;405;410
2020-04-17;109252;11470;2641;417
2020-04-18;111821;11834;2569;364
2020-04-19;112606;12061;785;227
2020-04-20;114657;12505;2051;444
2020-04-21;117324;12892;2667;333
2020-04-22;119151;13225;1827;227
2020-04-23;120804;13536;1653;311
2020-04-24;122577;13841;1773;305
2020-04-25;124114;14039;1537;198
2020-04-26;124575;14191;461;152
2020-04-27;127900;14486;3325;295
2020-04-28;126835;14676;1065;190
2020-04-29;128442;15041;1607;365
2020-04-30;129541;15231;1139;190
2020-05-01;130185;15350;644;119
2020-05-02;130979;15468;794;118
2020-05-03;131287;15564;308;96
2020-05-04;131863;15807;576;243
2020-05-05;132986;16041;1123;234
2020-05-06;137150;16218;4164;177
2020-05-07;137779;16367;629;149
2020-05-08;138421;16478;642;111
2020-05-09;138854;16554;443;76
2020-05-10;139063;16623;209;69
2020-05-11;139519;16801;456;178
